280 280 25.000000 25.000000 
273 273 25.000000 25.641027 
275 275 25.000000 25.454544 
269 269 25.000000 26.022306 
268 268 25.000000 26.119402 
268 268 25.000000 26.119402 
268 268 25.000000 26.119402 
270 270 25.000000 25.925926 
270 270 25.000000 25.925926 
269 269 25.000000 26.022306 
269 269 25.000000 26.022306 
268 268 25.000000 26.119402 
268 268 25.000000 26.119402 
267 267 25.000000 26.217228 
267 267 25.000000 26.217228 
267 267 25.000000 26.217228 
267 267 25.000000 26.217228 
267 267 25.000000 26.217228 
267 267 25.000000 26.217228 
267 267 25.000000 26.217228 
267 267 25.000000 26.217228 
267 267 25.000000 26.217228 
267 267 25.000000 26.217228 
267 267 25.000000 26.217228 
267 267 25.000000 26.217228 
267 267 25.000000 26.217228 
267 267 25.000000 26.217228 
267 267 25.000000 26.217228 
267 267 25.000000 26.217228 
267 267 25.000000 26.217228 
267 267 25.000000 26.217228 
267 267 25.000000 26.217228 
267 267 25.000000 26.217228 
268 268 25.000000 26.119402 
270 270 25.000000 25.925926 
271 271 25.000000 25.830257 
272 272 25.000000 25.735294 
273 273 25.000000 25.641027 
273 273 25.000000 25.641027 
274 274 25.000000 25.547445 
275 275 25.000000 25.454544 
276 276 25.000000 25.362318 
277 277 25.000000 25.270758 
277 277 25.000000 25.270758 
277 277 25.000000 25.270758 
277 277 25.000000 25.270758 
277 277 25.000000 25.270758 
277 277 25.000000 25.270758 
277 277 25.000000 25.270758 
277 277 25.000000 25.270758 
277 277 25.000000 25.270758 
277 277 25.000000 25.270758 
277 277 25.000000 25.270758 
278 278 25.000000 25.179857 
278 278 25.000000 25.179857 
278 278 25.000000 25.179857 
278 278 25.000000 25.179857 
277 277 25.000000 25.270758 
276 276 25.000000 25.362318 
276 276 25.000000 25.362318 
276 276 25.000000 25.362318 
276 276 25.000000 25.362318 
276 276 25.000000 25.362318 
276 276 25.000000 25.362318 
276 276 25.000000 25.362318 
276 276 25.000000 25.362318 
276 276 25.000000 25.362318 
276 276 25.000000 25.362318 
276 276 25.000000 25.362318 
276 276 25.000000 25.362318 
276 276 25.000000 25.362318 
276 276 25.000000 25.362318 
276 276 25.000000 25.362318 
276 276 25.000000 25.362318 
276 276 25.000000 25.362318 
276 276 25.000000 25.362318 
276 276 25.000000 25.362318 
276 276 25.000000 25.362318 
276 276 25.000000 25.362318 
276 276 25.000000 25.362318 
276 276 25.000000 25.362318 
276 276 25.000000 25.362318 
276 276 25.000000 25.362318 
276 276 25.000000 25.362318 
276 276 25.000000 25.362318 
276 276 25.000000 25.362318 
276 276 25.000000 25.362318 
276 276 25.000000 25.362318 
276 276 25.000000 25.362318 
276 276 25.000000 25.362318 
276 276 25.000000 25.362318 
276 276 25.000000 25.362318 
276 276 25.000000 25.362318 
276 276 25.000000 25.362318 
276 276 25.000000 25.362318 
276 276 25.000000 25.362318 
276 276 25.000000 25.362318 
276 276 25.000000 25.362318 
276 276 25.000000 25.362318 
276 276 25.000000 25.362318 
276 276 25.000000 25.362318 
276 276 25.000000 25.362318 
274 274 25.000000 25.547445 
273 273 25.000000 25.641027 
271 271 25.000000 25.830257 
270 270 25.000000 25.925926 
270 270 25.000000 25.925926 
271 271 25.000000 25.830257 
271 271 25.000000 25.830257 
271 271 25.000000 25.830257 
271 271 25.000000 25.830257 
270 270 25.000000 25.925926 
269 269 25.000000 26.022306 
222 222 25.000000 31.531530 
239 239 25.000000 29.288704 
237 237 25.000000 29.535866 
231 231 25.000000 30.303032 
230 230 25.000000 30.434782 
229 229 25.000000 30.567684 
227 227 25.000000 30.837006 
226 226 25.000000 30.973452 
226 226 25.000000 30.973452 
226 226 25.000000 30.973452 
224 224 25.000000 31.250000 
223 223 25.000000 31.390133 
224 224 25.000000 31.250000 
224 224 25.000000 31.250000 
224 224 25.000000 31.250000 
225 225 25.000000 31.111113 
226 226 25.000000 30.973452 
227 227 25.000000 30.837006 
228 228 25.000000 30.701754 
229 229 25.000000 30.567684 
230 230 25.000000 30.434782 
232 232 25.000000 30.172413 
267 267 25.000000 26.217228 
267 267 25.000000 26.217228 
264 264 25.000000 26.515150 
264 264 25.000000 26.515150 
265 265 25.000000 26.415094 
266 266 25.000000 26.315790 
267 267 25.000000 26.217228 
266 266 25.000000 26.315790 
267 267 25.000000 26.217228 
265 265 25.000000 26.415094 
265 265 25.000000 26.415094 
264 264 25.000000 26.515150 
265 265 25.000000 26.415094 
266 266 25.000000 26.315790 
266 266 25.000000 26.315790 
267 267 25.000000 26.217228 
268 268 25.000000 26.119402 
270 270 25.000000 25.925926 
271 271 25.000000 25.830257 
272 272 25.000000 25.735294 
242 242 25.000000 28.925619 
240 240 25.000000 29.166666 
238 238 25.000000 29.411766 
237 237 25.000000 29.535866 
235 235 25.000000 29.787233 
234 234 25.000000 29.914532 
233 233 25.000000 30.042919 
232 232 25.000000 30.172413 
230 230 25.000000 30.434782 
230 230 25.000000 30.434782 
229 229 25.000000 30.567684 
230 230 25.000000 30.434782 
231 231 25.000000 30.303032 
231 231 25.000000 30.303032 
232 232 25.000000 30.172413 
233 233 25.000000 30.042919 
234 234 25.000000 29.914532 
234 234 25.000000 29.914532 
234 234 25.000000 29.914532 
234 234 25.000000 29.914532 
234 234 25.000000 29.914532 
234 234 25.000000 29.914532 
234 234 25.000000 29.914532 
234 234 25.000000 29.914532 
234 234 25.000000 29.914532 
234 234 25.000000 29.914532 
234 234 25.000000 29.914532 
233 233 25.000000 30.042919 
232 232 25.000000 30.172413 
232 232 25.000000 30.172413 
232 232 25.000000 30.172413 
232 232 25.000000 30.172413 
232 232 25.000000 30.172413 
232 232 25.000000 30.172413 
232 232 25.000000 30.172413 
232 232 25.000000 30.172413 
232 232 25.000000 30.172413 
232 232 25.000000 30.172413 
232 232 25.000000 30.172413 
232 232 25.000000 30.172413 
232 232 25.000000 30.172413 
232 232 25.000000 30.172413 
232 232 25.000000 30.172413 
232 232 25.000000 30.172413 
232 232 25.000000 30.172413 
233 233 25.000000 30.042919 
233 233 25.000000 30.042919 
233 233 25.000000 30.042919 
233 233 25.000000 30.042919 
234 234 25.000000 29.914532 
234 234 25.000000 29.914532 
235 235 25.000000 29.787233 
234 234 25.000000 29.914532 
234 234 25.000000 29.914532 
234 234 25.000000 29.914532 
234 234 25.000000 29.914532 
234 234 25.000000 29.914532 
234 234 25.000000 29.914532 
234 234 25.000000 29.914532 
234 234 25.000000 29.914532 
234 234 25.000000 29.914532 
234 234 25.000000 29.914532 
234 234 25.000000 29.914532 
234 234 25.000000 29.914532 
234 234 25.000000 29.914532 
234 234 25.000000 29.914532 
234 234 25.000000 29.914532 
234 234 25.000000 29.914532 
234 234 25.000000 29.914532 
234 234 25.000000 29.914532 
234 234 25.000000 29.914532 
234 234 25.000000 29.914532 
234 234 25.000000 29.914532 
234 234 25.000000 29.914532 
234 234 25.000000 29.914532 
234 234 25.000000 29.914532 
234 234 25.000000 29.914532 
234 234 25.000000 29.914532 
234 234 25.000000 29.914532 
233 233 25.000000 30.042919 
233 233 25.000000 30.042919 
233 233 25.000000 30.042919 
233 233 25.000000 30.042919 
233 233 25.000000 30.042919 
233 233 25.000000 30.042919 
233 233 25.000000 30.042919 
233 233 25.000000 30.042919 
233 233 25.000000 30.042919 
233 233 25.000000 30.042919 
233 233 25.000000 30.042919 
233 233 25.000000 30.042919 
233 233 25.000000 30.042919 
233 233 25.000000 30.042919 
233 233 25.000000 30.042919 
233 233 25.000000 30.042919 
233 233 25.000000 30.042919 
233 233 25.000000 30.042919 
233 233 25.000000 30.042919 
233 233 25.000000 30.042919 
233 233 25.000000 30.042919 
233 233 25.000000 30.042919 
233 233 25.000000 30.042919 
233 233 25.000000 30.042919 
233 233 25.000000 30.042919 
233 233 25.000000 30.042919 
233 233 25.000000 30.042919 
233 233 25.000000 30.042919 
233 233 25.000000 30.042919 
233 233 25.000000 30.042919 
233 233 25.000000 30.042919 
234 234 25.000000 29.914532 
235 235 25.000000 29.787233 
235 235 25.000000 29.787233 
235 235 25.000000 29.787233 
235 235 25.000000 29.787233 
234 234 25.000000 29.914532 
233 233 25.000000 30.042919 
233 233 25.000000 30.042919 
233 233 25.000000 30.042919 
233 233 25.000000 30.042919 
233 233 25.000000 30.042919 
233 233 25.000000 30.042919 
233 233 25.000000 30.042919 
233 233 25.000000 30.042919 
233 233 25.000000 30.042919 
233 233 25.000000 30.042919 
233 233 25.000000 30.042919 
233 233 25.000000 30.042919 
233 233 25.000000 30.042919 
233 233 25.000000 30.042919 
233 233 25.000000 30.042919 
233 233 25.000000 30.042919 
233 233 25.000000 30.042919 
233 233 25.000000 30.042919 
233 233 25.000000 30.042919 
233 233 25.000000 30.042919 
233 233 25.000000 30.042919 
233 233 25.000000 30.042919 
233 233 25.000000 30.042919 
233 233 25.000000 30.042919 
233 233 25.000000 30.042919 
233 233 25.000000 30.042919 
259 259 25.000000 27.027025 
259 259 25.000000 27.027025 
258 258 25.000000 27.131784 
