248 248 37.000000 36.850807 
222 222 37.000000 41.166668 
218 218 37.000000 41.922020 
214 214 37.000000 42.705605 
214 214 37.000000 42.705605 
214 214 37.000000 42.705605 
214 214 37.000000 42.705605 
213 213 37.000000 42.906105 
213 213 37.000000 42.906105 
213 213 37.000000 42.906105 
213 213 37.000000 42.906105 
213 213 37.000000 42.906105 
212 212 37.000000 43.108490 
212 212 37.000000 43.108490 
212 212 37.000000 43.108490 
210 210 37.000000 43.519047 
209 209 37.000000 43.727272 
209 209 37.000000 43.727272 
209 209 37.000000 43.727272 
209 209 37.000000 43.727272 
209 209 37.000000 43.727272 
209 209 37.000000 43.727272 
209 209 37.000000 43.727272 
209 209 37.000000 43.727272 
209 209 37.000000 43.727272 
209 209 37.000000 43.727272 
209 209 37.000000 43.727272 
209 209 37.000000 43.727272 
209 209 37.000000 43.727272 
209 209 37.000000 43.727272 
209 209 37.000000 43.727272 
209 209 37.000000 43.727272 
209 209 37.000000 43.727272 
209 209 37.000000 43.727272 
209 209 37.000000 43.727272 
209 209 37.000000 43.727272 
209 209 37.000000 43.727272 
209 209 37.000000 43.727272 
209 209 37.000000 43.727272 
209 209 37.000000 43.727272 
209 209 37.000000 43.727272 
209 209 37.000000 43.727272 
209 209 37.000000 43.727272 
209 209 37.000000 43.727272 
209 209 37.000000 43.727272 
209 209 37.000000 43.727272 
209 209 37.000000 43.727272 
209 209 37.000000 43.727272 
209 209 37.000000 43.727272 
209 209 37.000000 43.727272 
209 209 37.000000 43.727272 
209 209 37.000000 43.727272 
209 209 37.000000 43.727272 
209 209 37.000000 43.727272 
209 209 37.000000 43.727272 
209 209 37.000000 43.727272 
209 209 37.000000 43.727272 
210 210 37.000000 43.519047 
210 210 37.000000 43.519047 
210 210 37.000000 43.519047 
210 210 37.000000 43.519047 
211 211 37.000000 43.312798 
211 211 37.000000 43.312798 
211 211 37.000000 43.312798 
212 212 37.000000 43.108490 
213 213 37.000000 42.906105 
215 215 37.000000 42.506977 
218 218 37.000000 41.922020 
219 219 37.000000 41.730595 
220 220 37.000000 41.540909 
222 222 37.000000 41.166668 
223 223 37.000000 40.982063 
179 179 37.000000 51.055866 
177 177 37.000000 51.632771 
174 174 37.000000 52.522991 
173 173 37.000000 52.826591 
173 173 37.000000 52.826591 
172 172 37.000000 53.133720 
171 171 37.000000 53.444443 
170 170 37.000000 53.758823 
169 169 37.000000 54.076923 
167 167 37.000000 54.724552 
167 167 37.000000 54.724552 
167 167 37.000000 54.724552 
167 167 37.000000 54.724552 
167 167 37.000000 54.724552 
167 167 37.000000 54.724552 
167 167 37.000000 54.724552 
167 167 37.000000 54.724552 
167 167 37.000000 54.724552 
167 167 37.000000 54.724552 
166 166 37.000000 55.054214 
166 166 37.000000 55.054214 
166 166 37.000000 55.054214 
166 166 37.000000 55.054214 
167 167 37.000000 54.724552 
166 166 37.000000 55.054214 
166 166 37.000000 55.054214 
167 167 37.000000 54.724552 
168 168 37.000000 54.398808 
168 168 37.000000 54.398808 
168 168 37.000000 54.398808 
169 169 37.000000 54.076923 
170 170 37.000000 53.758823 
172 172 37.000000 53.133720 
174 174 37.000000 52.522991 
213 213 37.000000 42.906105 
208 208 37.000000 43.937500 
205 205 37.000000 44.580490 
204 204 37.000000 44.799019 
203 203 37.000000 45.019703 
201 201 37.000000 45.467663 
201 201 37.000000 45.467663 
201 201 37.000000 45.467663 
201 201 37.000000 45.467663 
201 201 37.000000 45.467663 
201 201 37.000000 45.467663 
202 202 37.000000 45.242573 
208 208 37.000000 43.937500 
210 210 37.000000 43.519047 
211 211 37.000000 43.312798 
213 213 37.000000 42.906105 
213 213 37.000000 42.906105 
214 214 37.000000 42.705605 
215 215 37.000000 42.506977 
215 215 37.000000 42.506977 
215 215 37.000000 42.506977 
216 216 37.000000 42.310188 
215 215 37.000000 42.506977 
215 215 37.000000 42.506977 
215 215 37.000000 42.506977 
214 214 37.000000 42.705605 
214 214 37.000000 42.705605 
213 213 37.000000 42.906105 
213 213 37.000000 42.906105 
213 213 37.000000 42.906105 
212 212 37.000000 43.108490 
212 212 37.000000 43.108490 
212 212 37.000000 43.108490 
211 211 37.000000 43.312798 
211 211 37.000000 43.312798 
212 212 37.000000 43.108490 
211 211 37.000000 43.312798 
211 211 37.000000 43.312798 
211 211 37.000000 43.312798 
212 212 37.000000 43.108490 
213 213 37.000000 42.906105 
213 213 37.000000 42.906105 
214 214 37.000000 42.705605 
215 215 37.000000 42.506977 
216 216 37.000000 42.310188 
217 217 37.000000 42.115204 
218 218 37.000000 41.922020 
219 219 37.000000 41.730595 
219 219 37.000000 41.730595 
220 220 37.000000 41.540909 
221 221 37.000000 41.352940 
221 221 37.000000 41.352940 
221 221 37.000000 41.352940 
221 221 37.000000 41.352940 
221 221 37.000000 41.352940 
221 221 37.000000 41.352940 
220 220 37.000000 41.540909 
218 218 37.000000 41.922020 
217 217 37.000000 42.115204 
217 217 37.000000 42.115204 
215 215 37.000000 42.506977 
213 213 37.000000 42.906105 
211 211 37.000000 43.312798 
210 210 37.000000 43.519047 
209 209 37.000000 43.727272 
208 208 37.000000 43.937500 
209 209 37.000000 43.727272 
210 210 37.000000 43.519047 
210 210 37.000000 43.519047 
212 212 37.000000 43.108490 
210 210 37.000000 43.519047 
210 210 37.000000 43.519047 
211 211 37.000000 43.312798 
212 212 37.000000 43.108490 
215 215 37.000000 42.506977 
217 217 37.000000 42.115204 
219 219 37.000000 41.730595 
220 220 37.000000 41.540909 
222 222 37.000000 41.166668 
223 223 37.000000 40.982063 
224 224 37.000000 40.799107 
225 225 37.000000 40.617775 
227 227 37.000000 40.259911 
228 228 37.000000 40.083336 
229 229 37.000000 39.908298 
229 229 37.000000 39.908298 
230 230 37.000000 39.734783 
230 230 37.000000 39.734783 
230 230 37.000000 39.734783 
230 230 37.000000 39.734783 
229 229 37.000000 39.908298 
227 227 37.000000 40.259911 
225 225 37.000000 40.617775 
224 224 37.000000 40.799107 
222 222 37.000000 41.166668 
221 221 37.000000 41.352940 
220 220 37.000000 41.540909 
217 217 37.000000 42.115204 
215 215 37.000000 42.506977 
216 216 37.000000 42.310188 
215 215 37.000000 42.506977 
212 212 37.000000 43.108490 
211 211 37.000000 43.312798 
207 207 37.000000 44.149757 
207 207 37.000000 44.149757 
209 209 37.000000 43.727272 
211 211 37.000000 43.312798 
212 212 37.000000 43.108490 
212 212 37.000000 43.108490 
213 213 37.000000 42.906105 
214 214 37.000000 42.705605 
215 215 37.000000 42.506977 
43 43 37.000000 212.534882 
201 201 37.000000 45.467663 
198 198 37.000000 46.156567 
198 198 37.000000 46.156567 
198 198 37.000000 46.156567 
197 197 37.000000 46.390862 
196 196 37.000000 46.627552 
195 195 37.000000 46.866665 
196 196 37.000000 46.627552 
196 196 37.000000 46.627552 
197 197 37.000000 46.390862 
198 198 37.000000 46.156567 
198 198 37.000000 46.156567 
198 198 37.000000 46.156567 
199 199 37.000000 45.924625 
200 200 37.000000 45.695000 
200 200 37.000000 45.695000 
200 200 37.000000 45.695000 
200 200 37.000000 45.695000 
201 201 37.000000 45.467663 
202 202 37.000000 45.242573 
203 203 37.000000 45.019703 
203 203 37.000000 45.019703 
203 203 37.000000 45.019703 
203 203 37.000000 45.019703 
204 204 37.000000 44.799019 
204 204 37.000000 44.799019 
205 205 37.000000 44.580490 
205 205 37.000000 44.580490 
206 206 37.000000 44.364075 
207 207 37.000000 44.149757 
208 208 37.000000 43.937500 
208 208 37.000000 43.937500 
208 208 37.000000 43.937500 
208 208 37.000000 43.937500 
209 209 37.000000 43.727272 
209 209 37.000000 43.727272 
209 209 37.000000 43.727272 
210 210 37.000000 43.519047 
210 210 37.000000 43.519047 
210 210 37.000000 43.519047 
210 210 37.000000 43.519047 
210 210 37.000000 43.519047 
210 210 37.000000 43.519047 
210 210 37.000000 43.519047 
211 211 37.000000 43.312798 
212 212 37.000000 43.108490 
213 213 37.000000 42.906105 
214 214 37.000000 42.705605 
215 215 37.000000 42.506977 
215 215 37.000000 42.506977 
216 216 37.000000 42.310188 
217 217 37.000000 42.115204 
218 218 37.000000 41.922020 
218 218 37.000000 41.922020 
218 218 37.000000 41.922020 
218 218 37.000000 41.922020 
218 218 37.000000 41.922020 
217 217 37.000000 42.115204 
216 216 37.000000 42.310188 
214 214 37.000000 42.705605 
213 213 37.000000 42.906105 
212 212 37.000000 43.108490 
211 211 37.000000 43.312798 
207 207 37.000000 44.149757 
204 204 37.000000 44.799019 
203 203 37.000000 45.019703 
201 201 37.000000 45.467663 
199 199 37.000000 45.924625 
199 199 37.000000 45.924625 
199 199 37.000000 45.924625 
198 198 37.000000 46.156567 
197 197 37.000000 46.390862 
197 197 37.000000 46.390862 
197 197 37.000000 46.390862 
197 197 37.000000 46.390862 
197 197 37.000000 46.390862 
197 197 37.000000 46.390862 
197 197 37.000000 46.390862 
197 197 37.000000 46.390862 
197 197 37.000000 46.390862 
197 197 37.000000 46.390862 
197 197 37.000000 46.390862 
197 197 37.000000 46.390862 
197 197 37.000000 46.390862 
197 197 37.000000 46.390862 
197 197 37.000000 46.390862 
197 197 37.000000 46.390862 
197 197 37.000000 46.390862 
197 197 37.000000 46.390862 
197 197 37.000000 46.390862 
197 197 37.000000 46.390862 
197 197 37.000000 46.390862 
197 197 37.000000 46.390862 
197 197 37.000000 46.390862 
197 197 37.000000 46.390862 
197 197 37.000000 46.390862 
197 197 37.000000 46.390862 
197 197 37.000000 46.390862 
197 197 37.000000 46.390862 
197 197 37.000000 46.390862 
197 197 37.000000 46.390862 
197 197 37.000000 46.390862 
197 197 37.000000 46.390862 
197 197 37.000000 46.390862 
197 197 37.000000 46.390862 
197 197 37.000000 46.390862 
197 197 37.000000 46.390862 
197 197 37.000000 46.390862 
197 197 37.000000 46.390862 
197 197 37.000000 46.390862 
197 197 37.000000 46.390862 
197 197 37.000000 46.390862 
197 197 37.000000 46.390862 
197 197 37.000000 46.390862 
197 197 37.000000 46.390862 
197 197 37.000000 46.390862 
197 197 37.000000 46.390862 
197 197 37.000000 46.390862 
197 197 37.000000 46.390862 
198 198 37.000000 46.156567 
200 200 37.000000 45.695000 
200 200 37.000000 45.695000 
200 200 37.000000 45.695000 
200 200 37.000000 45.695000 
200 200 37.000000 45.695000 
200 200 37.000000 45.695000 
201 201 37.000000 45.467663 
201 201 37.000000 45.467663 
202 202 37.000000 45.242573 
202 202 37.000000 45.242573 
203 203 37.000000 45.019703 
203 203 37.000000 45.019703 
203 203 37.000000 45.019703 
203 203 37.000000 45.019703 
203 203 37.000000 45.019703 
202 202 37.000000 45.242573 
202 202 37.000000 45.242573 
202 202 37.000000 45.242573 
202 202 37.000000 45.242573 
202 202 37.000000 45.242573 
202 202 37.000000 45.242573 
202 202 37.000000 45.242573 
202 202 37.000000 45.242573 
202 202 37.000000 45.242573 
202 202 37.000000 45.242573 
202 202 37.000000 45.242573 
202 202 37.000000 45.242573 
202 202 37.000000 45.242573 
202 202 37.000000 45.242573 
202 202 37.000000 45.242573 
202 202 37.000000 45.242573 
202 202 37.000000 45.242573 
202 202 37.000000 45.242573 
202 202 37.000000 45.242573 
202 202 37.000000 45.242573 
202 202 37.000000 45.242573 
202 202 37.000000 45.242573 
202 202 37.000000 45.242573 
202 202 37.000000 45.242573 
202 202 37.000000 45.242573 
202 202 37.000000 45.242573 
202 202 37.000000 45.242573 
202 202 37.000000 45.242573 
202 202 37.000000 45.242573 
202 202 37.000000 45.242573 
202 202 37.000000 45.242573 
202 202 37.000000 45.242573 
202 202 37.000000 45.242573 
202 202 37.000000 45.242573 
202 202 37.000000 45.242573 
202 202 37.000000 45.242573 
202 202 37.000000 45.242573 
202 202 37.000000 45.242573 
202 202 37.000000 45.242573 
202 202 37.000000 45.242573 
202 202 37.000000 45.242573 
202 202 37.000000 45.242573 
202 202 37.000000 45.242573 
202 202 37.000000 45.242573 
202 202 37.000000 45.242573 
202 202 37.000000 45.242573 
216 216 37.000000 42.310188 
