182 182 50.000000 49.725273 
177 177 50.000000 51.129944 
177 177 50.000000 51.129944 
177 177 50.000000 51.129944 
176 176 50.000000 51.420456 
176 176 50.000000 51.420456 
176 176 50.000000 51.420456 
176 176 50.000000 51.420456 
177 177 50.000000 51.129944 
177 177 50.000000 51.129944 
177 177 50.000000 51.129944 
178 178 50.000000 50.842697 
178 178 50.000000 50.842697 
178 178 50.000000 50.842697 
178 178 50.000000 50.842697 
178 178 50.000000 50.842697 
178 178 50.000000 50.842697 
176 176 50.000000 51.420456 
176 176 50.000000 51.420456 
176 176 50.000000 51.420456 
176 176 50.000000 51.420456 
176 176 50.000000 51.420456 
177 177 50.000000 51.129944 
177 177 50.000000 51.129944 
177 177 50.000000 51.129944 
177 177 50.000000 51.129944 
177 177 50.000000 51.129944 
178 178 50.000000 50.842697 
178 178 50.000000 50.842697 
179 179 50.000000 50.558655 
179 179 50.000000 50.558655 
179 179 50.000000 50.558655 
180 180 50.000000 50.277775 
180 180 50.000000 50.277775 
181 181 50.000000 50.000000 
181 181 50.000000 50.000000 
181 181 50.000000 50.000000 
182 182 50.000000 49.725273 
182 182 50.000000 49.725273 
183 183 50.000000 49.453552 
184 184 50.000000 49.184780 
185 185 50.000000 48.918919 
186 186 50.000000 48.655914 
187 187 50.000000 48.395721 
188 188 50.000000 48.138298 
189 189 50.000000 47.883598 
189 189 50.000000 47.883598 
189 189 50.000000 47.883598 
189 189 50.000000 47.883598 
189 189 50.000000 47.883598 
189 189 50.000000 47.883598 
188 188 50.000000 48.138298 
187 187 50.000000 48.395721 
186 186 50.000000 48.655914 
184 184 50.000000 49.184780 
182 182 50.000000 49.725273 
181 181 50.000000 50.000000 
179 179 50.000000 50.558655 
178 178 50.000000 50.842697 
177 177 50.000000 51.129944 
175 175 50.000000 51.714283 
174 174 50.000000 52.011497 
171 171 50.000000 52.923977 
169 169 50.000000 53.550297 
169 169 50.000000 53.550297 
169 169 50.000000 53.550297 
169 169 50.000000 53.550297 
169 169 50.000000 53.550297 
168 168 50.000000 53.869045 
168 168 50.000000 53.869045 
167 167 50.000000 54.191620 
167 167 50.000000 54.191620 
165 165 50.000000 54.848488 
164 164 50.000000 55.182926 
163 163 50.000000 55.521469 
161 161 50.000000 56.211178 
160 160 50.000000 56.562500 
159 159 50.000000 56.918240 
158 158 50.000000 57.278477 
158 158 50.000000 57.278477 
158 158 50.000000 57.278477 
158 158 50.000000 57.278477 
158 158 50.000000 57.278477 
158 158 50.000000 57.278477 
158 158 50.000000 57.278477 
158 158 50.000000 57.278477 
158 158 50.000000 57.278477 
158 158 50.000000 57.278477 
158 158 50.000000 57.278477 
158 158 50.000000 57.278477 
158 158 50.000000 57.278477 
158 158 50.000000 57.278477 
158 158 50.000000 57.278477 
158 158 50.000000 57.278477 
158 158 50.000000 57.278477 
158 158 50.000000 57.278477 
158 158 50.000000 57.278477 
158 158 50.000000 57.278477 
158 158 50.000000 57.278477 
158 158 50.000000 57.278477 
158 158 50.000000 57.278477 
158 158 50.000000 57.278477 
157 157 50.000000 57.643311 
157 157 50.000000 57.643311 
157 157 50.000000 57.643311 
157 157 50.000000 57.643311 
157 157 50.000000 57.643311 
158 158 50.000000 57.278477 
158 158 50.000000 57.278477 
158 158 50.000000 57.278477 
158 158 50.000000 57.278477 
158 158 50.000000 57.278477 
159 159 50.000000 56.918240 
160 160 50.000000 56.562500 
161 161 50.000000 56.211178 
162 162 50.000000 55.864197 
164 164 50.000000 55.182926 
165 165 50.000000 54.848488 
170 170 50.000000 53.235291 
170 170 50.000000 53.235291 
171 171 50.000000 52.923977 
170 170 50.000000 53.235291 
171 171 50.000000 52.923977 
175 175 50.000000 51.714283 
175 175 50.000000 51.714283 
177 177 50.000000 51.129944 
178 178 50.000000 50.842697 
179 179 50.000000 50.558655 
179 179 50.000000 50.558655 
180 180 50.000000 50.277775 
180 180 50.000000 50.277775 
180 180 50.000000 50.277775 
180 180 50.000000 50.277775 
180 180 50.000000 50.277775 
180 180 50.000000 50.277775 
179 179 50.000000 50.558655 
177 177 50.000000 51.129944 
175 175 50.000000 51.714283 
174 174 50.000000 52.011497 
173 173 50.000000 52.312141 
172 172 50.000000 52.616280 
171 171 50.000000 52.923977 
170 170 50.000000 53.235291 
169 169 50.000000 53.550297 
167 167 50.000000 54.191620 
166 166 50.000000 54.518074 
165 165 50.000000 54.848488 
164 164 50.000000 55.182926 
162 162 50.000000 55.864197 
161 161 50.000000 56.211178 
160 160 50.000000 56.562500 
160 160 50.000000 56.562500 
161 161 50.000000 56.211178 
161 161 50.000000 56.211178 
161 161 50.000000 56.211178 
161 161 50.000000 56.211178 
161 161 50.000000 56.211178 
161 161 50.000000 56.211178 
161 161 50.000000 56.211178 
161 161 50.000000 56.211178 
161 161 50.000000 56.211178 
162 162 50.000000 55.864197 
163 163 50.000000 55.521469 
164 164 50.000000 55.182926 
165 165 50.000000 54.848488 
168 168 50.000000 53.869045 
167 167 50.000000 54.191620 
169 169 50.000000 53.550297 
169 169 50.000000 53.550297 
171 171 50.000000 52.923977 
172 172 50.000000 52.616280 
174 174 50.000000 52.011497 
175 175 50.000000 51.714283 
177 177 50.000000 51.129944 
178 178 50.000000 50.842697 
180 180 50.000000 50.277775 
181 181 50.000000 50.000000 
184 184 50.000000 49.184780 
185 185 50.000000 48.918919 
187 187 50.000000 48.395721 
187 187 50.000000 48.395721 
187 187 50.000000 48.395721 
186 186 50.000000 48.655914 
185 185 50.000000 48.918919 
184 184 50.000000 49.184780 
182 182 50.000000 49.725273 
181 181 50.000000 50.000000 
178 178 50.000000 50.842697 
175 175 50.000000 51.714283 
174 174 50.000000 52.011497 
172 172 50.000000 52.616280 
171 171 50.000000 52.923977 
171 171 50.000000 52.923977 
171 171 50.000000 52.923977 
168 168 50.000000 53.869045 
167 167 50.000000 54.191620 
166 166 50.000000 54.518074 
166 166 50.000000 54.518074 
164 164 50.000000 55.182926 
164 164 50.000000 55.182926 
163 163 50.000000 55.521469 
160 160 50.000000 56.562500 
157 157 50.000000 57.643311 
156 156 50.000000 58.012817 
155 155 50.000000 58.387096 
155 155 50.000000 58.387096 
155 155 50.000000 58.387096 
155 155 50.000000 58.387096 
155 155 50.000000 58.387096 
155 155 50.000000 58.387096 
155 155 50.000000 58.387096 
150 150 50.000000 60.333336 
149 149 50.000000 60.738255 
149 149 50.000000 60.738255 
149 149 50.000000 60.738255 
151 151 50.000000 59.933777 
151 151 50.000000 59.933777 
151 151 50.000000 59.933777 
152 152 50.000000 59.539474 
153 153 50.000000 59.150326 
154 154 50.000000 58.766235 
153 153 50.000000 59.150326 
153 153 50.000000 59.150326 
154 154 50.000000 58.766235 
155 155 50.000000 58.387096 
154 154 50.000000 58.766235 
153 153 50.000000 59.150326 
153 153 50.000000 59.150326 
153 153 50.000000 59.150326 
153 153 50.000000 59.150326 
153 153 50.000000 59.150326 
153 153 50.000000 59.150326 
154 154 50.000000 58.766235 
154 154 50.000000 58.766235 
155 155 50.000000 58.387096 
155 155 50.000000 58.387096 
155 155 50.000000 58.387096 
155 155 50.000000 58.387096 
155 155 50.000000 58.387096 
155 155 50.000000 58.387096 
155 155 50.000000 58.387096 
155 155 50.000000 58.387096 
155 155 50.000000 58.387096 
155 155 50.000000 58.387096 
155 155 50.000000 58.387096 
155 155 50.000000 58.387096 
155 155 50.000000 58.387096 
155 155 50.000000 58.387096 
155 155 50.000000 58.387096 
155 155 50.000000 58.387096 
155 155 50.000000 58.387096 
155 155 50.000000 58.387096 
155 155 50.000000 58.387096 
155 155 50.000000 58.387096 
155 155 50.000000 58.387096 
155 155 50.000000 58.387096 
155 155 50.000000 58.387096 
155 155 50.000000 58.387096 
155 155 50.000000 58.387096 
155 155 50.000000 58.387096 
155 155 50.000000 58.387096 
155 155 50.000000 58.387096 
156 156 50.000000 58.012817 
156 156 50.000000 58.012817 
156 156 50.000000 58.012817 
155 155 50.000000 58.387096 
155 155 50.000000 58.387096 
155 155 50.000000 58.387096 
155 155 50.000000 58.387096 
155 155 50.000000 58.387096 
155 155 50.000000 58.387096 
155 155 50.000000 58.387096 
155 155 50.000000 58.387096 
155 155 50.000000 58.387096 
155 155 50.000000 58.387096 
155 155 50.000000 58.387096 
155 155 50.000000 58.387096 
155 155 50.000000 58.387096 
155 155 50.000000 58.387096 
155 155 50.000000 58.387096 
154 154 50.000000 58.766235 
153 153 50.000000 59.150326 
153 153 50.000000 59.150326 
153 153 50.000000 59.150326 
153 153 50.000000 59.150326 
153 153 50.000000 59.150326 
153 153 50.000000 59.150326 
153 153 50.000000 59.150326 
152 152 50.000000 59.539474 
152 152 50.000000 59.539474 
152 152 50.000000 59.539474 
152 152 50.000000 59.539474 
152 152 50.000000 59.539474 
152 152 50.000000 59.539474 
152 152 50.000000 59.539474 
152 152 50.000000 59.539474 
152 152 50.000000 59.539474 
152 152 50.000000 59.539474 
152 152 50.000000 59.539474 
152 152 50.000000 59.539474 
153 153 50.000000 59.150326 
153 153 50.000000 59.150326 
