119 119 65.000000 
119 119 65.000000 
113 113 65.000000 
104 104 65.000000 
110 110 65.000000 
111 111 65.000000 
112 112 65.000000 
112 112 65.000000 
113 113 65.000000 
112 112 65.000000 
112 112 65.000000 
112 112 65.000000 
111 111 65.000000 
109 109 65.000000 
109 109 65.000000 
108 108 65.000000 
107 107 65.000000 
107 107 65.000000 
107 107 65.000000 
107 107 65.000000 
109 109 65.000000 
109 109 65.000000 
110 110 65.000000 
111 111 65.000000 
111 111 65.000000 
111 111 65.000000 
110 110 65.000000 
110 110 65.000000 
110 110 65.000000 
110 110 65.000000 
110 110 65.000000 
109 109 65.000000 
109 109 65.000000 
109 109 65.000000 
109 109 65.000000 
109 109 65.000000 
110 110 65.000000 
110 110 65.000000 
110 110 65.000000 
110 110 65.000000 
110 110 65.000000 
110 110 65.000000 
110 110 65.000000 
110 110 65.000000 
110 110 65.000000 
110 110 65.000000 
110 110 65.000000 
110 110 65.000000 
110 110 65.000000 
110 110 65.000000 
111 111 65.000000 
111 111 65.000000 
111 111 65.000000 
111 111 65.000000 
110 110 65.000000 
109 109 65.000000 
108 108 65.000000 
108 108 65.000000 
108 108 65.000000 
108 108 65.000000 
109 109 65.000000 
109 109 65.000000 
109 109 65.000000 
109 109 65.000000 
110 110 65.000000 
110 110 65.000000 
110 110 65.000000 
109 109 65.000000 
109 109 65.000000 
109 109 65.000000 
109 109 65.000000 
110 110 65.000000 
110 110 65.000000 
110 110 65.000000 
110 110 65.000000 
110 110 65.000000 
110 110 65.000000 
110 110 65.000000 
111 111 65.000000 
112 112 65.000000 
113 113 65.000000 
113 113 65.000000 
113 113 65.000000 
114 114 65.000000 
114 114 65.000000 
114 114 65.000000 
114 114 65.000000 
113 113 65.000000 
113 113 65.000000 
113 113 65.000000 
113 113 65.000000 
113 113 65.000000 
113 113 65.000000 
112 112 65.000000 
112 112 65.000000 
111 111 65.000000 
111 111 65.000000 
110 110 65.000000 
109 109 65.000000 
108 108 65.000000 
108 108 65.000000 
108 108 65.000000 
108 108 65.000000 
108 108 65.000000 
107 107 65.000000 
106 106 65.000000 
106 106 65.000000 
106 106 65.000000 
106 106 65.000000 
106 106 65.000000 
106 106 65.000000 
106 106 65.000000 
106 106 65.000000 
106 106 65.000000 
106 106 65.000000 
106 106 65.000000 
106 106 65.000000 
106 106 65.000000 
106 106 65.000000 
106 106 65.000000 
106 106 65.000000 
106 106 65.000000 
107 107 65.000000 
107 107 65.000000 
107 107 65.000000 
108 108 65.000000 
109 109 65.000000 
110 110 65.000000 
111 111 65.000000 
113 113 65.000000 
114 114 65.000000 
115 115 65.000000 
115 115 65.000000 
115 115 65.000000 
115 115 65.000000 
115 115 65.000000 
115 115 65.000000 
115 115 65.000000 
115 115 65.000000 
115 115 65.000000 
115 115 65.000000 
115 115 65.000000 
115 115 65.000000 
114 114 65.000000 
114 114 65.000000 
114 114 65.000000 
113 113 65.000000 
112 112 65.000000 
112 112 65.000000 
111 111 65.000000 
109 109 65.000000 
108 108 65.000000 
107 107 65.000000 
107 107 65.000000 
107 107 65.000000 
107 107 65.000000 
107 107 65.000000 
107 107 65.000000 
107 107 65.000000 
107 107 65.000000 
107 107 65.000000 
107 107 65.000000 
107 107 65.000000 
107 107 65.000000 
107 107 65.000000 
107 107 65.000000 
107 107 65.000000 
107 107 65.000000 
107 107 65.000000 
107 107 65.000000 
107 107 65.000000 
107 107 65.000000 
107 107 65.000000 
107 107 65.000000 
107 107 65.000000 
107 107 65.000000 
107 107 65.000000 
107 107 65.000000 
107 107 65.000000 
107 107 65.000000 
108 108 65.000000 
108 108 65.000000 
108 108 65.000000 
108 108 65.000000 
108 108 65.000000 
108 108 65.000000 
108 108 65.000000 
108 108 65.000000 
108 108 65.000000 
108 108 65.000000 
108 108 65.000000 
108 108 65.000000 
108 108 65.000000 
108 108 65.000000 
108 108 65.000000 
108 108 65.000000 
108 108 65.000000 
108 108 65.000000 
108 108 65.000000 
108 108 65.000000 
108 108 65.000000 
108 108 65.000000 
108 108 65.000000 
108 108 65.000000 
108 108 65.000000 
108 108 65.000000 
108 108 65.000000 
108 108 65.000000 
108 108 65.000000 
108 108 65.000000 
108 108 65.000000 
108 108 65.000000 
108 108 65.000000 
108 108 65.000000 
108 108 65.000000 
108 108 65.000000 
108 108 65.000000 
108 108 65.000000 
108 108 65.000000 
108 108 65.000000 
108 108 65.000000 
108 108 65.000000 
108 108 65.000000 
108 108 65.000000 
108 108 65.000000 
108 108 65.000000 
108 108 65.000000 
108 108 65.000000 
107 107 65.000000 
107 107 65.000000 
107 107 65.000000 
107 107 65.000000 
107 107 65.000000 
107 107 65.000000 
107 107 65.000000 
107 107 65.000000 
107 107 65.000000 
107 107 65.000000 
107 107 65.000000 
107 107 65.000000 
106 106 65.000000 
106 106 65.000000 
106 106 65.000000 
106 106 65.000000 
106 106 65.000000 
106 106 65.000000 
